 Constraint  0.0
      10001 1
      10101 1
      10201 1
      10301 1
      10401 1
      10501 1
      10601 1
      10701 1
      10011 1
      10111 1
      10211 1
      10311 1
      10411 1
      10511 1
      10611 1
      10711 1
 Constraint  0.0
      10002 1
      10102 1
      10202 1
      10302 1
      10402 1
      10502 1
      10602 1
      10702 1

 Constraint  0.0
      11001 1
      11101 1
      11201 1
      11301 1
      11401 1
      11501 1
      11601 1
      11701 1
      11011 1
      11111 1
      11211 1
      11311 1
      11411 1
      11511 1
      11611 1
      11711 1
 Constraint  0.0
      11002 1
      11102 1
      11202 1
      11302 1
      11402 1
      11502 1
      11602 1
      11702 1

 Constraint  0.0
      12001 1
      12101 1
      12201 1
      12301 1
      12401 1
      12501 1
      12601 1
      12701 1
      12011 1
      12111 1
      12211 1
      12311 1
      12411 1
      12511 1
      12611 1
      12711 1
 Constraint  0.0
      12002 1
      12102 1
      12202 1
      12302 1
      12402 1
      12502 1
      12602 1
      12702 1