* Label Initial Presigma
Parameter

    101      0.0    -1.0
    102      0.0    -1.0
    103      0.0    -1.0
    104      0.0    -1.0
    105      0.0    -1.0
    111      0.0    -1.0
    112      0.0    -1.0
    113      0.0    -1.0
    114      0.0    -1.0
    115      0.0    -1.0
    121      0.0    -1.0
    122      0.0    -1.0
    123      0.0    -1.0
    124      0.0    -1.0
    125      0.0    -1.0

    201      0.0    -1.0
    202      0.0    -1.0
    203      0.0    -1.0
    204      0.0    -1.0
    205      0.0    -1.0
    211      0.0    -1.0
    212      0.0    -1.0
    213      0.0    -1.0
    214      0.0    -1.0
    215      0.0    -1.0
    221      0.0    -1.0
    222      0.0    -1.0
    223      0.0    -1.0
    224      0.0    -1.0
    225      0.0    -1.0

    301      0.0    -1.0
    302      0.0    -1.0
    303      0.0    -1.0
    304      0.0    -1.0
    305      0.0    -1.0
    311      0.0    -1.0
    312      0.0    -1.0
    313      0.0    -1.0
    314      0.0    -1.0
    315      0.0    -1.0
    321      0.0    -1.0
    322      0.0    -1.0
    323      0.0    -1.0
    324      0.0    -1.0
    325      0.0    -1.0

    401      0.0    -1.0
    402      0.0    -1.0
    403      0.0    -1.0
    404      0.0    -1.0
    405      0.0    -1.0
    411      0.0    -1.0
    412      0.0    -1.0
    413      0.0    -1.0
    414      0.0    -1.0
    415      0.0    -1.0
    421      0.0    -1.0
    422      0.0    -1.0
    423      0.0    -1.0
    424      0.0    -1.0
    425      0.0    -1.0

    10001    0.0    0.05
    10002    0.0    0.005
    10011    0.0    0.05
    10101    0.0    0.05
    10102    0.0    0.005
    10111    0.0    0.05
    10201    0.0    0.05
    10202    0.0    0.005
    10211    0.0    0.05
    10301    0.0    0.05
    10302    0.0    0.005
    10311    0.0    0.05
    10401    0.0    0.05
    10402    0.0    0.005
    10411    0.0    0.05
    10501    0.0    0.05
    10502    0.0    0.005
    10511    0.0    0.05
    10601    0.0    0.05
    10602    0.0    0.005
    10611    0.0    0.05
    10701    0.0    0.05
    10702    0.0    0.005
    10711    0.0    0.05
    11001    0.0    0.05
    11002    0.0    0.005
    11011    0.0    0.05
    11101    0.0    0.05
    11102    0.0    0.005
    11111    0.0    0.05
    11201    0.0    0.05
    11202    0.0    0.005
    11211    0.0    0.05
    11301    0.0    0.05
    11302    0.0    0.005
    11311    0.0    0.05
    11401    0.0    0.05
    11402    0.0    0.005
    11411    0.0    0.05
    11501    0.0    0.05
    11502    0.0    0.005
    11511    0.0    0.05
    11601    0.0    0.05
    11602    0.0    0.005
    11611    0.0    0.05
    11701    0.0    0.05
    11702    0.0    0.005
    11711    0.0    0.05
    12001    0.0    0.05
    12002    0.0    0.005
    12011    0.0    0.05
    12101    0.0    0.05
    12102    0.0    0.005
    12111    0.0    0.05
    12201    0.0    0.05
    12202    0.0    0.005
    12211    0.0    0.05
    12301    0.0    0.05
    12302    0.0    0.005
    12311    0.0    0.05
    12401    0.0    0.05
    12402    0.0    0.005
    12411    0.0    0.05
    12501    0.0    0.05
    12502    0.0    0.005
    12511    0.0    0.05
    12601    0.0    0.05
    12602    0.0    0.005
    12611    0.0    0.05
    12701    0.0    0.05
    12702    0.0    0.005
    12711    0.0    0.05

    20001    0.0    -1.0
    20002    0.0    -1.0
    20011    0.0    -1.0
    20101    0.0    -1.0
    20102    0.0    -1.0
    20111    0.0    -1.0
    20201    0.0    -1.0
    20202    0.0    -1.0
    20211    0.0    -1.0
    20301    0.0    -1.0
    20302    0.0    -1.0
    20311    0.0    -1.0
    20401    0.0    -1.0
    20402    0.0    -1.0
    20411    0.0    -1.0
    20501    0.0    -1.0
    20502    0.0    -1.0
    20511    0.0    -1.0
    20601    0.0    -1.0
    20602    0.0    -1.0
    20611    0.0    -1.0
    20701    0.0    -1.0
    20702    0.0    -1.0
    20711    0.0    -1.0
    21001    0.0    -1.0
    21002    0.0    -1.0
    21011    0.0    -1.0
    21101    0.0    -1.0
    21102    0.0    -1.0
    21111    0.0    -1.0
    21201    0.0    -1.0
    21202    0.0    -1.0
    21211    0.0    -1.0
    21301    0.0    -1.0
    21302    0.0    -1.0
    21311    0.0    -1.0
    21401    0.0    -1.0
    21402    0.0    -1.0
    21411    0.0    -1.0
    21501    0.0    -1.0
    21502    0.0    -1.0
    21511    0.0    -1.0
    21601    0.0    -1.0
    21602    0.0    -1.0
    21611    0.0    -1.0
    21701    0.0    -1.0
    21702    0.0    -1.0
    21711    0.0    -1.0
    22001    0.0    -1.0
    22002    0.0    -1.0
    22011    0.0    -1.0
    22101    0.0    -1.0
    22102    0.0    -1.0
    22111    0.0    -1.0
    22201    0.0    -1.0
    22202    0.0    -1.0
    22211    0.0    -1.0
    22301    0.0    -1.0
    22302    0.0    -1.0
    22311    0.0    -1.0
    22401    0.0    -1.0
    22402    0.0    -1.0
    22411    0.0    -1.0
    22501    0.0    -1.0
    22502    0.0    -1.0
    22511    0.0    -1.0
    22601    0.0    -1.0
    22602    0.0    -1.0
    22611    0.0    -1.0
    22701    0.0    -1.0
    22702    0.0    -1.0
    22711    0.0    -1.0

    30001    0.0    -1.0
    30002    0.0    -1.0
    30011    0.0    -1.0
    30101    0.0    -1.0
    30102    0.0    -1.0
    30111    0.0    -1.0
    30201    0.0    -1.0
    30202    0.0    -1.0
    30211    0.0    -1.0
    30301    0.0    -1.0
    30302    0.0    -1.0
    30311    0.0    -1.0
    30401    0.0    -1.0
    30402    0.0    -1.0
    30411    0.0    -1.0
    30501    0.0    -1.0
    30502    0.0    -1.0
    30511    0.0    -1.0
    30601    0.0    -1.0
    30602    0.0    -1.0
    30611    0.0    -1.0
    30701    0.0    -1.0
    30702    0.0    -1.0
    30711    0.0    -1.0
    31001    0.0    -1.0
    31002    0.0    -1.0
    31011    0.0    -1.0
    31101    0.0    -1.0
    31102    0.0    -1.0
    31111    0.0    -1.0
    31201    0.0    -1.0
    31202    0.0    -1.0
    31211    0.0    -1.0
    31301    0.0    -1.0
    31302    0.0    -1.0
    31311    0.0    -1.0
    31401    0.0    -1.0
    31402    0.0    -1.0
    31411    0.0    -1.0
    31501    0.0    -1.0
    31502    0.0    -1.0
    31511    0.0    -1.0
    31601    0.0    -1.0
    31602    0.0    -1.0
    31611    0.0    -1.0
    31701    0.0    -1.0
    31702    0.0    -1.0
    31711    0.0    -1.0
    32001    0.0    -1.0
    32002    0.0    -1.0
    32011    0.0    -1.0
    32101    0.0    -1.0
    32102    0.0    -1.0
    32111    0.0    -1.0
    32201    0.0    -1.0
    32202    0.0    -1.0
    32211    0.0    -1.0
    32301    0.0    -1.0
    32302    0.0    -1.0
    32311    0.0    -1.0
    32401    0.0    -1.0
    32402    0.0    -1.0
    32411    0.0    -1.0
    32501    0.0    -1.0
    32502    0.0    -1.0
    32511    0.0    -1.0
    32601    0.0    -1.0
    32602    0.0    -1.0
    32611    0.0    -1.0
    32701    0.0    -1.0
    32702    0.0    -1.0
    32711    0.0    -1.0

    40001    0.0    -1.0
    40002    0.0    -1.0
    40011    0.0    -1.0
    40101    0.0    -1.0
    40102    0.0    -1.0
    40111    0.0    -1.0
    40201    0.0    -1.0
    40202    0.0    -1.0
    40211    0.0    -1.0
    40301    0.0    -1.0
    40302    0.0    -1.0
    40311    0.0    -1.0
    40401    0.0    -1.0
    40402    0.0    -1.0
    40411    0.0    -1.0
    40501    0.0    -1.0
    40502    0.0    -1.0
    40511    0.0    -1.0
    40601    0.0    -1.0
    40602    0.0    -1.0
    40611    0.0    -1.0
    40701    0.0    -1.0
    40702    0.0    -1.0
    40711    0.0    -1.0
    41001    0.0    -1.0
    41002    0.0    -1.0
    41011    0.0    -1.0
    41101    0.0    -1.0
    41102    0.0    -1.0
    41111    0.0    -1.0
    41201    0.0    -1.0
    41202    0.0    -1.0
    41211    0.0    -1.0
    41301    0.0    -1.0
    41302    0.0    -1.0
    41311    0.0    -1.0
    41401    0.0    -1.0
    41402    0.0    -1.0
    41411    0.0    -1.0
    41501    0.0    -1.0
    41502    0.0    -1.0
    41511    0.0    -1.0
    41601    0.0    -1.0
    41602    0.0    -1.0
    41611    0.0    -1.0
    41701    0.0    -1.0
    41702    0.0    -1.0
    41711    0.0    -1.0
    42001    0.0    -1.0
    42002    0.0    -1.0
    42011    0.0    -1.0
    42101    0.0    -1.0
    42102    0.0    -1.0
    42111    0.0    -1.0
    42201    0.0    -1.0
    42202    0.0    -1.0
    42211    0.0    -1.0
    42301    0.0    -1.0
    42302    0.0    -1.0
    42311    0.0    -1.0
    42401    0.0    -1.0
    42402    0.0    -1.0
    42411    0.0    -1.0
    42501    0.0    -1.0
    42502    0.0    -1.0
    42511    0.0    -1.0
    42601    0.0    -1.0
    42602    0.0    -1.0
    42611    0.0    -1.0
    42701    0.0    -1.0
    42702    0.0    -1.0
    42711    0.0    -1.0