* Label Initial Presigma
Parameter

    101      0.0    0.05
    102      0.0    0.05
    103      0.0    0.005
    104      0.0    0.005
    105      0.0    0.005
    111      0.0    0.05
    112      0.0    0.05
    113      0.0    0.005
    114      0.0    0.005
    115      0.0    0.005
    121      0.0    0.05
    122      0.0    0.05
    123      0.0    0.005
    124      0.0    0.005
    125      0.0    0.005

    201      -1.0    0.05
    202      -1.0    0.05
    203      -1.0    0.005
    204      -1.0    0.005
    205      -1.0    0.005
    211      -1.0    0.05
    212      -1.0    0.05
    213      -1.0    0.005
    214      -1.0    0.005
    215      -1.0    0.005
    221      -1.0    0.05
    222      -1.0    0.05
    223      -1.0    0.005
    224      -1.0    0.005
    225      -1.0    0.005

    301      -1.0    0.05
    302      -1.0    0.05
    303      -1.0    0.005
    304      -1.0    0.005
    305      -1.0    0.005
    311      -1.0    0.05
    312      -1.0    0.05
    313      -1.0    0.005
    314      -1.0    0.005
    315      -1.0    0.005
    321      -1.0    0.05
    322      -1.0    0.05
    323      -1.0    0.005
    324      -1.0    0.005
    325      -1.0    0.005

    401      -1.0    0.05
    402      -1.0    0.05
    403      -1.0    0.005
    404      -1.0    0.005
    405      -1.0    0.005
    411      -1.0    0.05
    412      -1.0    0.05
    413      -1.0    0.005
    414      -1.0    0.005
    415      -1.0    0.005
    421      -1.0    0.05
    422      -1.0    0.05
    423      -1.0    0.005
    424      -1.0    0.005
    425      -1.0    0.005

    10001    -1.0    0.05
    10002    -1.0    0.005
    10011    -1.0    0.05
    10101    -1.0    0.05
    10102    -1.0    0.005
    10111    -1.0    0.05
    10201    -1.0    0.05
    10202    -1.0    0.005
    10211    -1.0    0.05
    10301    -1.0    0.05
    10302    -1.0    0.005
    10311    -1.0    0.05
    10401    -1.0    0.05
    10402    -1.0    0.005
    10411    -1.0    0.05
    10501    -1.0    0.05
    10502    -1.0    0.005
    10511    -1.0    0.05
    10601    -1.0    0.05
    10602    -1.0    0.005
    10611    -1.0    0.05
    10701    -1.0    0.05
    10702    -1.0    0.005
    10711    -1.0    0.05
    11001    -1.0    0.05
    11002    -1.0    0.005
    11011    -1.0    0.05
    11101    -1.0    0.05
    11102    -1.0    0.005
    11111    -1.0    0.05
    11201    -1.0    0.05
    11202    -1.0    0.005
    11211    -1.0    0.05
    11301    -1.0    0.05
    11302    -1.0    0.005
    11311    -1.0    0.05
    11401    -1.0    0.05
    11402    -1.0    0.005
    11411    -1.0    0.05
    11501    -1.0    0.05
    11502    -1.0    0.005
    11511    -1.0    0.05
    11601    -1.0    0.05
    11602    -1.0    0.005
    11611    -1.0    0.05
    11701    -1.0    0.05
    11702    -1.0    0.005
    11711    -1.0    0.05
    12001    -1.0    0.05
    12002    -1.0    0.005
    12011    -1.0    0.05
    12101    -1.0    0.05
    12102    -1.0    0.005
    12111    -1.0    0.05
    12201    -1.0    0.05
    12202    -1.0    0.005
    12211    -1.0    0.05
    12301    -1.0    0.05
    12302    -1.0    0.005
    12311    -1.0    0.05
    12401    -1.0    0.05
    12402    -1.0    0.005
    12411    -1.0    0.05
    12501    -1.0    0.05
    12502    -1.0    0.005
    12511    -1.0    0.05
    12601    -1.0    0.05
    12602    -1.0    0.005
    12611    -1.0    0.05
    12701    -1.0    0.05
    12702    -1.0    0.005
    12711    -1.0    0.05

    20001    -1.0    0.05
    20002    -1.0    0.005
    20011    -1.0    0.05
    20101    -1.0    0.05
    20102    -1.0    0.005
    20111    -1.0    0.05
    20201    -1.0    0.05
    20202    -1.0    0.005
    20211    -1.0    0.05
    20301    -1.0    0.05
    20302    -1.0    0.005
    20311    -1.0    0.05
    20401    -1.0    0.05
    20402    -1.0    0.005
    20411    -1.0    0.05
    20501    -1.0    0.05
    20502    -1.0    0.005
    20511    -1.0    0.05
    20601    -1.0    0.05
    20602    -1.0    0.005
    20611    -1.0    0.05
    20701    -1.0    0.05
    20702    -1.0    0.005
    20711    -1.0    0.05
    21001    -1.0    0.05
    21002    -1.0    0.005
    21011    -1.0    0.05
    21101    -1.0    0.05
    21102    -1.0    0.005
    21111    -1.0    0.05
    21201    -1.0    0.05
    21202    -1.0    0.005
    21211    -1.0    0.05
    21301    -1.0    0.05
    21302    -1.0    0.005
    21311    -1.0    0.05
    21401    -1.0    0.05
    21402    -1.0    0.005
    21411    -1.0    0.05
    21501    -1.0    0.05
    21502    -1.0    0.005
    21511    -1.0    0.05
    21601    -1.0    0.05
    21602    -1.0    0.005
    21611    -1.0    0.05
    21701    -1.0    0.05
    21702    -1.0    0.005
    21711    -1.0    0.05
    22001    -1.0    0.05
    22002    -1.0    0.005
    22011    -1.0    0.05
    22101    -1.0    0.05
    22102    -1.0    0.005
    22111    -1.0    0.05
    22201    -1.0    0.05
    22202    -1.0    0.005
    22211    -1.0    0.05
    22301    -1.0    0.05
    22302    -1.0    0.005
    22311    -1.0    0.05
    22401    -1.0    0.05
    22402    -1.0    0.005
    22411    -1.0    0.05
    22501    -1.0    0.05
    22502    -1.0    0.005
    22511    -1.0    0.05
    22601    -1.0    0.05
    22602    -1.0    0.005
    22611    -1.0    0.05
    22701    -1.0    0.05
    22702    -1.0    0.005
    22711    -1.0    0.05

    30001    -1.0    0.05
    30002    -1.0    0.005
    30011    -1.0    0.05
    30101    -1.0    0.05
    30102    -1.0    0.005
    30111    -1.0    0.05
    30201    -1.0    0.05
    30202    -1.0    0.005
    30211    -1.0    0.05
    30301    -1.0    0.05
    30302    -1.0    0.005
    30311    -1.0    0.05
    30401    -1.0    0.05
    30402    -1.0    0.005
    30411    -1.0    0.05
    30501    -1.0    0.05
    30502    -1.0    0.005
    30511    -1.0    0.05
    30601    -1.0    0.05
    30602    -1.0    0.005
    30611    -1.0    0.05
    30701    -1.0    0.05
    30702    -1.0    0.005
    30711    -1.0    0.05
    31001    -1.0    0.05
    31002    -1.0    0.005
    31011    -1.0    0.05
    31101    -1.0    0.05
    31102    -1.0    0.005
    31111    -1.0    0.05
    31201    -1.0    0.05
    31202    -1.0    0.005
    31211    -1.0    0.05
    31301    -1.0    0.05
    31302    -1.0    0.005
    31311    -1.0    0.05
    31401    -1.0    0.05
    31402    -1.0    0.005
    31411    -1.0    0.05
    31501    -1.0    0.05
    31502    -1.0    0.005
    31511    -1.0    0.05
    31601    -1.0    0.05
    31602    -1.0    0.005
    31611    -1.0    0.05
    31701    -1.0    0.05
    31702    -1.0    0.005
    31711    -1.0    0.05
    32001    -1.0    0.05
    32002    -1.0    0.005
    32011    -1.0    0.05
    32101    -1.0    0.05
    32102    -1.0    0.005
    32111    -1.0    0.05
    32201    -1.0    0.05
    32202    -1.0    0.005
    32211    -1.0    0.05
    32301    -1.0    0.05
    32302    -1.0    0.005
    32311    -1.0    0.05
    32401    -1.0    0.05
    32402    -1.0    0.005
    32411    -1.0    0.05
    32501    -1.0    0.05
    32502    -1.0    0.005
    32511    -1.0    0.05
    32601    -1.0    0.05
    32602    -1.0    0.005
    32611    -1.0    0.05
    32701    -1.0    0.05
    32702    -1.0    0.005
    32711    -1.0    0.05

    40001    -1.0    0.05
    40002    -1.0    0.005
    40011    -1.0    0.05
    40101    -1.0    0.05
    40102    -1.0    0.005
    40111    -1.0    0.05
    40201    -1.0    0.05
    40202    -1.0    0.005
    40211    -1.0    0.05
    40301    -1.0    0.05
    40302    -1.0    0.005
    40311    -1.0    0.05
    40401    -1.0    0.05
    40402    -1.0    0.005
    40411    -1.0    0.05
    40501    -1.0    0.05
    40502    -1.0    0.005
    40511    -1.0    0.05
    40601    -1.0    0.05
    40602    -1.0    0.005
    40611    -1.0    0.05
    40701    -1.0    0.05
    40702    -1.0    0.005
    40711    -1.0    0.05
    41001    -1.0    0.05
    41002    -1.0    0.005
    41011    -1.0    0.05
    41101    -1.0    0.05
    41102    -1.0    0.005
    41111    -1.0    0.05
    41201    -1.0    0.05
    41202    -1.0    0.005
    41211    -1.0    0.05
    41301    -1.0    0.05
    41302    -1.0    0.005
    41311    -1.0    0.05
    41401    -1.0    0.05
    41402    -1.0    0.005
    41411    -1.0    0.05
    41501    -1.0    0.05
    41502    -1.0    0.005
    41511    -1.0    0.05
    41601    -1.0    0.05
    41602    -1.0    0.005
    41611    -1.0    0.05
    41701    -1.0    0.05
    41702    -1.0    0.005
    41711    -1.0    0.05
    42001    -1.0    0.05
    42002    -1.0    0.005
    42011    -1.0    0.05
    42101    -1.0    0.05
    42102    -1.0    0.005
    42111    -1.0    0.05
    42201    -1.0    0.05
    42202    -1.0    0.005
    42211    -1.0    0.05
    42301    -1.0    0.05
    42302    -1.0    0.005
    42311    -1.0    0.05
    42401    -1.0    0.05
    42402    -1.0    0.005
    42411    -1.0    0.05
    42501    -1.0    0.05
    42502    -1.0    0.005
    42511    -1.0    0.05
    42601    -1.0    0.05
    42602    -1.0    0.005
    42611    -1.0    0.05
    42701    -1.0    0.05
    42702    -1.0    0.005
    42711    -1.0    0.05