 Constraint  0.0
      11001 1
      11101 1
      11201 1
      11301 1
      11401 1
      11501 1
      11601 1
      11701 1
      11011 1
      11111 1
      11211 1
      11311 1
      11411 1
      11511 1
      11611 1
      11711 1
 Constraint  0.0
      31001 1
      31101 1
      31201 1
      31301 1
      31401 1
      31501 1
      31601 1
      31701 1
      31011 1
      31111 1
      31211 1
      31311 1
      31411 1
      31511 1
      31611 1
      31711 1
 Constraint  0.0
      11002 1
      11102 1
      11202 1
      11302 1
      11402 1
      11502 1
      11602 1
      11702 1
 Constraint  0.0
      31002 1
      31102 1
      31202 1
      31302 1
      31402 1
      31502 1
      31602 1
      31702 1
