 Constraint  0.0
      101 1
      111 1
      121 1
 Constraint  0.0
      102 1
      112 1
      122 1
 Constraint  0.0
      103 1
      113 1
      123 1
 Constraint  0.0
      104 1
      114 1
      124 1
 Constraint  0.0
      105 1
      115 1
      125 1
 Constraint  0.0
      10001 1
      10101 1
      10201 1
      10301 1
      10401 1
      10501 1
      10601 1
      10701 1
 Constraint  0.0
      11001 1
      11101 1
      11201 1
      11301 1
      11401 1
      11501 1
      11601 1
      11701 1
 Constraint  0.0
      12001 1
      12101 1
      12201 1
      12301 1
      12401 1
      12501 1
      12601 1
      12701 1
 Constraint  0.0
      20001 1
      20101 1
      20201 1
      20301 1
      20401 1
      20501 1
      20601 1
      20701 1
 Constraint  0.0
      21001 1
      21101 1
      21201 1
      21301 1
      21401 1
      21501 1
      21601 1
      21701 1
 Constraint  0.0
      22001 1
      22101 1
      22201 1
      22301 1
      22401 1
      22501 1
      22601 1
      22701 1
 Constraint  0.0
      30001 1
      30101 1
      30201 1
      30301 1
      30401 1
      30501 1
      30601 1
      30701 1
 Constraint  0.0
      31001 1
      31101 1
      31201 1
      31301 1
      31401 1
      31501 1
      31601 1
      31701 1
 Constraint  0.0
      32001 1
      32101 1
      32201 1
      32301 1
      32401 1
      32501 1
      32601 1
      32701 1
 Constraint  0.0
      40001 1
      40101 1
      40201 1
      40301 1
      40401 1
      40501 1
      40601 1
      40701 1
 Constraint  0.0
      41001 1
      41101 1
      41201 1
      41301 1
      41401 1
      41501 1
      41601 1
      41701 1
 Constraint  0.0
      42001 1
      42101 1
      42201 1
      42301 1
      42401 1
      42501 1
      42601 1
      42701 1
 Constraint  0.0
      10002 1
      10102 1
      10202 1
      10302 1
      10402 1
      10502 1
      10602 1
      10702 1
 Constraint  0.0
      11002 1
      11102 1
      11202 1
      11302 1
      11402 1
      11502 1
      11602 1
      11702 1
 Constraint  0.0
      12002 1
      12102 1
      12202 1
      12302 1
      12402 1
      12502 1
      12602 1
      12702 1
 Constraint  0.0
      20002 1
      20102 1
      20202 1
      20302 1
      20402 1
      20502 1
      20602 1
      20702 1
 Constraint  0.0
      21002 1
      21102 1
      21202 1
      21302 1
      21402 1
      21502 1
      21602 1
      21702 1
 Constraint  0.0
      22002 1
      22102 1
      22202 1
      22302 1
      22402 1
      22502 1
      22602 1
      22702 1
 Constraint  0.0
      30002 1
      30102 1
      30202 1
      30302 1
      30402 1
      30502 1
      30602 1
      30702 1
 Constraint  0.0
      31002 1
      31102 1
      31202 1
      31302 1
      31402 1
      31502 1
      31602 1
      31702 1
 Constraint  0.0
      32002 1
      32102 1
      32202 1
      32302 1
      32402 1
      32502 1
      32602 1
      32702 1
 Constraint  0.0
      40002 1
      40102 1
      40202 1
      40302 1
      40402 1
      40502 1
      40602 1
      40702 1
 Constraint  0.0
      41002 1
      41102 1
      41202 1
      41302 1
      41402 1
      41502 1
      41602 1
      41702 1
 Constraint  0.0
      42002 1
      42102 1
      42202 1
      42302 1
      42402 1
      42502 1
      42602 1
      42702 1
